10 10 10 10 10 10 10 10 10 10 10 10 10 10 10 10 10 10 10 10 10 10 10 10 10 10 10 10 10 10 10 10 10 10 10 10 10 10 10 10 10 10 10 10 10 10 10 10 10 10 10 10 10 10 10 10 10 10 10 10 10 10 10 10 10 10 10 10 10 10 10 10 10 10 10 10 10 10 10 10 10 10 10 10 10 10 10 10 10 10 10 10 10 10 10 10 10 10 10 10
10 10 10 10 10 10 10 10 10 10 10 10 10 10 10 10 10 10 10 10 10 10 10 10 10 10 10 10 10 10 10 10 10 10 10 10 10 10 10 10 10 10 10 10 10 10 10 10 10 10 10 10 10 10 10 10 10 10 10 10 10 10 10 10 10 10 10 10 10 10 10 10 10 10 10 10 10 10 10 10 10 10 10 10 10 10 10 10 10 10 10 10 10 10 10 10 10 10 10 10
10 10 10 10 10 10 10 10 10 10 10 10 10 10 10 10 10 10 10 10 10 10 10 10 10 10 10 10 10 10 10 10 10 10 10 10 10 10 10 10 10 3 3 3 10 10 10 10 10 10 10 10 10 10 10 10 10 10 10 10 10 10 10 10 10 10 10 10 10 10 10 10 10 10 10 10 10 10 10 10 10 10 10 10 10 10 10 10 10 10 10 10 10 10 10 10 10 10 10 10
10 10 10 10 10 10 10 10 10 10 10 10 10 10 10 10 10 10 10 10 10 10 10 10 10 10 10 10 10 10 10 10 10 10 10 10 10 10 10 10 3 2 2 2 3 10 10 10 10 10 10 10 10 10 10 10 10 10 10 10 10 10 10 10 10 10 10 10 10 10 10 10 10 10 10 10 10 10 10 10 10 10 10 10 10 10 10 10 10 10 10 10 10 10 10 10 10 10 10 10
10 10 10 10 10 10 10 10 10 10 10 10 10 10 10 10 10 10 10 10 10 10 10 10 10 10 10 10 10 10 10 10 10 10 10 10 10 10 10 10 3 2 1 2 3 10 10 10 10 10 10 10 10 10 10 10 10 10 10 10 10 10 10 10 10 10 10 10 10 10 10 10 10 10 10 10 10 10 10 10 10 10 10 10 10 10 10 10 10 10 10 10 10 10 10 10 10 10 10 10
10 10 10 10 10 10 10 10 10 10 10 10 10 10 10 10 10 10 10 10 10 10 10 10 10 10 10 10 10 10 10 10 10 10 10 10 10 10 10 10 3 2 2 2 3 10 10 10 10 10 10 10 10 10 10 10 10 10 10 10 10 10 10 10 10 10 10 10 10 10 10 10 10 10 10 10 10 10 10 10 10 10 10 10 10 10 10 10 10 10 10 10 10 10 10 10 10 10 10 10
10 10 10 10 10 10 10 10 10 10 10 10 10 10 10 10 10 10 10 10 10 10 10 10 10 10 10 10 10 10 10 10 10 10 10 10 10 10 10 10 10 3 3 3 10 10 10 10 10 10 10 10 10 10 10 10 10 10 10 10 10 10 10 10 10 10 10 10 10 10 10 10 10 10 10 10 10 10 10 10 10 10 10 10 10 10 10 10 10 10 10 10 10 10 10 10 10 10 10 10
10 10 10 10 10 10 10 10 10 10 10 10 10 10 10 10 10 10 10 10 10 10 10 10 10 10 10 10 10 10 10 10 10 10 10 10 10 10 10 10 10 10 10 10 10 10 10 10 10 10 10 10 10 10 10 10 10 10 10 10 10 10 10 10 10 10 10 10 10 10 10 10 10 10 10 10 10 10 10 10 10 10 10 10 10 10 10 10 10 10 10 10 10 10 10 10 10 10 10 10
10 10 10 10 9 9 9 9 9 10 10 10 10 10 10 10 10 10 10 10 10 10 10 10 10 10 10 10 10 10 10 10 10 10 10 10 10 10 10 10 10 10 10 10 10 10 10 10 10 10 10 10 10 10 10 10 10 10 10 10 10 10 10 10 10 10 10 10 10 10 10 10 10 10 10 10 10 10 10 10 10 10 10 10 10 10 10 10 10 10 10 10 10 10 10 10 10 10 10 10
10 10 10 9 9 9 9 9 9 9 10 10 10 10 10 10 10 10 10 10 10 10 10 10 10 10 10 10 10 10 10 10 10 10 10 10 10 10 10 10 10 10 10 10 10 10 10 10 10 10 10 10 10 10 10 10 10 10 10 10 10 10 10 10 10 10 10 10 10 10 10 10 10 10 10 10 10 10 10 10 10 10 10 10 10 10 10 10 10 10 10 10 10 10 10 10 10 10 10 10
10 10 9 9 9 9 9 9 9 9 9 10 10 10 10 10 10 10 10 10 10 10 10 10 10 10 10 10 10 10 10 10 10 10 10 10 10 10 10 10 10 10 10 10 10 10 10 10 10 10 10 10 10 10 9 9 9 9 9 10 10 10 10 10 10 10 10 9 9 9 9 9 10 10 10 10 10 10 10 10 10 10 10 10 10 10 10 10 10 10 10 10 10 10 10 10 10 10 10 10
10 9 9 9 9 7 7 7 9 9 9 9 10 10 10 10 10 10 10 10 10 10 10 10 10 10 10 10 10 10 10 10 10 10 10 10 10 10 10 10 10 10 10 10 10 10 10 10 10 10 10 10 10 9 9 9 9 9 9 9 10 10 10 10 10 10 9 9 7 7 7 9 9 10 10 10 10 10 10 10 10 10 10 10 10 10 10 10 10 10 10 10 10 10 10 10 10 10 10 10
10 9 9 9 7 4 4 4 7 9 9 9 10 10 10 10 10 10 10 10 10 10 10 10 10 10 10 10 10 10 10 10 10 10 10 10 10 10 10 10 10 10 10 10 10 10 10 10 10 10 10 10 9 9 9 9 9 9 9 9 9 10 10 10 10 9 9 7 5 5 5 7 9 9 10 10 10 10 10 10 10 10 10 10 10 10 10 10 10 10 10 10 10 10 10 10 10 10 10 10
10 9 9 9 7 4 1 4 7 9 9 9 10 10 10 10 10 10 10 10 10 10 10 10 10 10 10 10 10 10 10 10 10 10 10 10 10 10 10 10 10 10 10 10 10 10 10 10 10 10 10 9 9 9 9 7 7 7 9 9 9 9 10 10 10 9 7 5 3 3 3 5 7 9 10 10 10 10 10 10 10 10 10 10 10 10 10 10 10 10 10 10 10 10 10 10 10 10 10 10
10 9 9 9 7 4 4 4 7 9 9 9 10 10 10 10 10 10 10 10 10 10 10 10 10 7 7 7 10 10 10 10 10 10 10 10 10 10 10 10 10 10 10 10 10 10 10 10 10 10 10 9 9 9 7 4 4 4 7 9 9 9 10 10 10 9 7 5 3 1 3 5 7 9 10 10 10 10 10 10 10 10 10 10 10 10 10 10 10 10 10 10 10 10 10 10 10 10 10 10
10 9 9 9 9 7 7 7 9 9 9 9 10 10 10 10 10 10 10 10 10 10 10 10 7 4 4 4 7 10 9 9 9 9 9 10 10 10 10 10 10 10 10 10 10 10 10 10 10 10 10 9 9 9 7 4 1 4 7 9 9 9 10 10 10 9 7 5 3 3 3 5 7 9 10 10 10 10 10 10 10 10 10 10 10 10 10 10 10 10 10 10 10 10 7 7 7 10 10 10
10 10 9 9 9 9 9 9 9 9 9 10 10 10 10 10 10 10 10 10 10 10 10 10 7 4 1 4 7 9 9 9 9 9 9 9 10 10 10 10 10 10 10 10 10 10 10 10 10 10 10 9 9 9 7 4 4 4 7 9 9 9 10 10 10 9 9 7 5 5 5 7 9 9 10 10 10 10 10 10 10 10 10 10 10 10 10 10 10 10 10 10 10 7 4 4 4 7 10 10
10 10 10 9 9 9 9 9 9 9 10 10 10 10 10 10 10 10 10 10 10 10 10 10 7 4 4 4 7 9 9 9 9 9 9 9 9 10 10 10 10 10 10 10 10 10 10 10 10 10 10 9 9 9 9 7 7 7 9 9 9 9 10 10 10 10 9 9 7 7 7 9 9 10 10 10 10 10 10 10 10 10 10 10 10 10 10 10 10 10 10 10 10 7 4 1 4 7 10 10
10 10 10 10 9 9 9 9 9 10 10 10 10 10 10 10 10 10 10 10 10 10 10 10 10 7 7 7 9 9 9 7 7 7 9 9 9 9 10 10 10 10 10 10 10 10 10 10 10 10 10 9 9 9 9 9 9 9 9 9 9 10 10 10 10 10 10 9 9 9 9 9 10 10 10 10 10 10 10 10 10 10 10 10 10 10 10 10 10 10 10 10 10 7 4 4 4 7 10 10
10 10 10 10 10 10 10 10 10 10 10 10 10 10 10 10 10 10 10 10 10 10 10 10 10 10 10 9 9 9 7 4 4 4 7 9 9 9 10 10 10 10 10 10 10 10 10 10 10 10 9 9 9 9 9 9 9 9 9 9 10 10 10 10 10 10 10 10 10 10 10 10 10 10 10 10 10 10 10 10 10 10 10 10 10 10 10 10 10 10 10 10 10 10 7 7 7 10 10 10
10 10 10 10 10 10 10 10 10 10 10 10 10 10 10 10 10 10 10 10 10 10 10 10 10 10 10 9 9 9 7 4 1 4 7 9 9 9 10 10 10 10 10 10 10 10 10 10 10 9 9 9 9 9 9 9 9 9 9 10 10 10 10 10 10 10 10 10 10 10 10 10 10 10 10 10 10 10 10 10 10 10 10 10 10 10 10 10 10 10 10 10 10 10 10 10 10 10 10 10
10 10 10 10 10 10 10 10 10 10 10 10 10 10 10 10 10 10 10 10 10 10 10 10 10 10 10 9 9 9 7 4 4 4 7 9 9 9 10 10 10 10 10 10 10 10 10 10 9 9 9 9 7 7 7 9 9 9 9 10 10 10 10 10 10 10 10 10 5 5 5 5 5 10 10 10 10 10 10 10 10 10 10 10 10 10 10 10 10 10 10 10 10 10 10 10 10 10 10 10
10 10 10 10 10 10 10 10 10 10 10 10 10 10 10 10 10 10 10 10 10 10 10 10 10 10 10 9 9 9 9 7 7 7 9 9 9 9 10 10 10 10 10 10 10 10 10 10 9 9 9 7 4 4 4 7 9 9 9 10 10 10 10 10 10 10 10 5 5 4 4 4 5 5 10 10 10 10 10 10 10 10 10 10 10 10 10 10 10 10 10 10 10 10 10 10 10 10 10 10
10 10 10 10 10 10 10 10 10 10 10 10 10 10 10 10 10 10 10 10 10 10 10 10 10 10 10 10 9 9 9 9 9 9 9 9 9 10 10 10 10 10 10 10 9 9 9 9 9 9 9 7 4 1 4 7 9 9 9 10 10 10 10 10 10 10 5 5 4 3 3 3 4 5 5 10 10 10 10 10 10 10 10 10 10 10 10 10 10 10 10 10 10 10 7 7 7 10 10 10
10 10 10 10 10 10 10 10 10 10 10 10 10 10 10 10 10 10 10 10 10 10 10 10 10 10 10 10 10 9 9 9 9 9 9 9 10 10 10 10 10 10 10 9 9 7 7 7 9 9 9 7 4 4 4 7 9 9 9 10 10 10 10 10 10 10 5 4 3 2 2 2 3 4 5 10 10 10 10 10 10 10 10 10 10 10 10 10 10 10 10 10 10 7 4 4 4 7 10 10
10 10 10 10 10 10 10 10 10 10 10 10 10 10 10 10 10 10 10 10 10 10 10 10 10 10 10 10 10 10 9 9 9 9 9 10 10 10 10 10 10 10 9 9 7 5 5 5 9 9 9 9 7 7 7 9 9 9 9 10 10 10 10 10 10 10 5 4 3 2 1 2 3 4 5 10 10 10 10 10 10 10 10 10 10 10 10 10 10 10 10 10 10 7 4 1 4 7 10 10
10 10 10 10 10 10 10 10 10 10 10 10 10 10 10 10 10 10 10 4 4 4 10 10 10 10 10 5 5 5 10 10 10 10 10 10 10 10 10 10 10 10 9 7 5 3 3 3 5 9 9 9 9 9 9 9 9 9 10 10 10 10 10 10 10 10 5 4 3 2 2 2 3 4 5 10 10 10 10 10 10 10 10 10 10 10 10 10 10 10 10 10 10 7 4 4 4 7 10 10
10 10 10 10 10 10 10 10 10 10 10 10 10 10 10 10 10 10 4 3 3 3 4 10 10 10 5 3 3 3 5 10 10 10 10 10 10 10 10 10 10 10 9 7 5 3 1 3 9 9 9 9 9 9 9 9 9 10 10 10 10 10 10 10 10 10 5 5 4 3 3 3 4 5 5 10 10 10 10 10 10 10 10 10 10 10 10 10 10 10 10 10 10 10 7 7 7 10 10 10
10 10 10 10 10 10 10 10 10 10 10 10 10 10 10 10 10 4 3 2 2 2 3 4 10 10 5 3 1 3 5 10 10 10 10 10 10 10 10 10 10 10 9 7 5 3 3 9 9 9 7 9 9 9 9 9 10 10 10 10 10 10 10 10 10 10 10 5 5 4 4 4 5 5 10 10 10 10 10 10 10 10 10 10 10 10 10 10 10 10 10 10 10 10 10 10 10 10 10 10
10 10 10 10 10 10 10 10 10 10 10 10 10 10 10 10 10 4 3 2 1 2 3 4 10 10 5 3 3 3 5 10 10 10 10 10 10 10 10 10 10 10 9 9 7 5 5 9 9 7 4 4 4 7 9 9 10 10 10 10 10 10 10 10 10 10 10 10 5 5 5 5 5 10 10 10 10 10 10 10 10 10 10 10 10 10 10 10 10 10 10 10 10 10 10 10 10 10 10 10
10 10 10 10 10 10 10 10 10 10 10 10 10 10 10 10 10 4 3 2 2 2 3 4 10 10 10 5 5 5 10 10 10 10 10 10 10 9 9 9 9 9 10 9 9 7 7 9 9 7 4 1 4 7 9 9 10 10 10 10 10 10 10 10 10 10 10 10 10 10 10 10 10 10 10 10 10 10 10 10 10 10 10 10 10 10 10 10 10 10 10 10 10 10 10 10 10 10 10 10
10 10 10 10 10 10 10 10 10 10 10 10 10 10 10 10 10 10 4 3 3 3 4 10 10 10 10 10 10 10 10 10 10 10 10 10 9 9 9 9 9 9 9 10 9 9 9 9 9 7 4 4 4 7 9 9 10 10 10 10 10 10 10 10 10 10 10 10 10 10 10 10 10 10 10 10 10 10 10 10 10 10 10 10 10 10 10 10 10 10 10 10 10 10 10 10 10 10 10 10
10 10 10 10 10 10 10 10 10 10 10 10 10 10 10 10 10 10 10 4 4 4 10 10 10 10 10 10 10 10 10 10 10 10 10 9 9 9 7 7 7 9 9 9 10 10 10 9 9 9 7 7 7 9 9 9 10 10 10 10 10 10 10 10 10 10 10 10 10 10 10 10 10 10 10 10 10 10 10 10 10 10 10 10 10 10 10 10 10 10 10 10 10 10 10 10 10 10 10 10
10 10 10 10 10 10 10 10 10 10 10 10 10 10 10 10 10 10 10 10 10 10 10 10 10 10 10 10 10 10 10 10 10 10 9 9 9 7 5 5 5 7 9 9 9 10 10 10 9 9 9 9 9 9 9 10 10 10 10 10 10 10 10 10 10 10 10 10 10 10 10 10 10 10 10 10 10 10 10 10 10 10 10 10 10 10 10 10 10 10 10 10 10 10 10 10 10 10 10 10
10 10 10 10 10 10 10 10 10 10 10 10 10 10 10 10 10 10 10 10 10 10 10 10 10 10 10 10 10 10 10 10 10 10 9 9 7 5 3 3 3 5 7 9 9 10 10 10 10 9 9 9 9 9 10 10 10 10 10 10 10 10 10 10 10 10 10 10 10 10 10 10 10 10 10 10 10 10 10 10 10 10 10 10 10 10 10 10 10 10 10 10 10 10 10 10 10 10 10 10
10 10 10 10 10 10 10 10 10 10 10 10 10 10 10 10 10 10 10 10 10 10 10 10 10 10 10 10 10 10 10 10 10 10 9 9 7 5 3 1 3 5 7 9 9 10 10 10 10 10 10 10 10 10 10 10 10 6 6 6 6 6 10 10 10 10 10 10 10 10 10 10 10 10 10 10 10 10 10 10 10 10 10 10 10 10 10 10 10 10 10 10 10 10 10 10 10 10 10 10
10 10 10 10 10 10 10 10 10 10 10 10 10 10 10 10 10 10 10 10 10 10 10 10 10 10 10 10 10 10 10 10 10 10 9 9 7 5 3 3 3 5 7 9 9 10 10 10 10 10 10 10 10 10 10 10 6 5 5 5 5 5 6 10 10 10 10 10 10 10 10 10 10 10 10 10 10 10 10 10 10 10 10 10 10 10 10 10 10 10 10 10 10 10 10 10 10 10 10 10
10 10 10 10 10 10 10 10 10 10 10 10 10 10 10 10 10 10 10 10 10 10 10 10 10 10 10 10 10 10 10 10 10 10 9 9 9 7 5 5 5 7 9 9 9 10 10 10 10 10 10 10 10 10 10 6 5 5 4 4 4 5 5 6 10 10 10 10 10 10 10 10 10 10 10 10 10 10 10 10 10 10 10 10 10 10 10 10 10 10 10 10 10 10 10 10 10 10 10 10
10 10 10 10 10 10 10 10 10 10 10 10 10 10 10 10 10 10 10 10 10 10 10 10 10 10 10 10 10 10 10 10 10 10 10 9 9 9 7 7 7 9 9 9 10 10 10 10 10 10 10 10 10 10 6 5 5 4 3 3 3 4 5 5 6 10 10 10 10 10 10 10 10 10 10 10 10 10 10 10 10 10 10 10 10 10 10 10 10 10 10 10 10 10 10 10 10 10 10 10
10 10 10 10 10 10 10 10 10 10 10 10 10 10 10 10 10 10 10 10 10 10 10 10 10 10 10 10 10 10 10 10 10 10 10 10 9 9 9 9 9 9 9 10 10 10 10 10 10 10 10 10 10 10 6 5 4 3 2 2 2 3 4 5 6 10 10 10 10 10 10 10 10 10 10 10 10 10 10 10 10 10 10 10 10 10 10 10 10 10 10 10 10 10 10 10 10 10 10 10
10 10 10 10 10 10 10 10 10 10 10 10 10 10 10 10 10 10 10 10 10 10 10 10 10 10 10 10 10 10 10 10 10 10 10 10 10 9 9 9 9 9 10 10 10 10 10 10 10 10 10 10 10 10 6 5 4 3 2 1 2 3 5 5 5 10 10 10 10 10 10 10 10 10 10 10 10 10 10 10 10 10 10 10 10 10 10 10 10 10 10 10 10 10 10 10 10 10 10 10
10 10 10 10 10 10 10 10 10 10 10 10 10 10 10 10 10 10 10 10 10 10 10 10 10 10 10 10 10 10 10 10 10 10 10 10 10 10 10 10 10 10 10 10 10 10 10 10 10 10 10 10 10 10 6 5 4 3 2 2 2 5 3 3 3 5 10 10 10 10 10 10 10 10 10 10 10 10 10 10 10 10 10 10 10 10 10 10 10 10 10 10 10 10 10 10 10 10 10 10
10 10 10 10 10 10 10 10 10 10 10 10 10 10 10 10 10 10 10 10 10 10 10 10 10 10 10 10 10 10 10 10 10 10 10 10 10 10 10 10 10 10 10 10 10 10 10 10 10 10 10 10 10 10 6 5 5 4 3 3 3 5 3 1 3 5 10 10 10 10 10 10 10 10 10 10 10 10 10 10 10 10 10 10 10 10 10 10 10 10 10 10 10 10 10 10 10 10 10 10
10 10 10 10 10 10 10 10 10 10 10 10 10 10 10 10 10 10 10 10 10 10 10 10 10 10 10 10 10 10 10 10 10 10 10 10 10 10 10 10 10 10 10 10 10 10 10 10 10 10 10 10 10 10 10 6 5 5 4 4 4 5 3 3 3 5 10 10 10 10 10 10 10 10 10 10 10 10 10 10 10 10 10 10 10 10 10 10 10 10 10 10 10 10 10 10 10 10 10 10
10 10 10 10 10 10 10 10 10 10 10 10 10 10 10 10 10 10 10 10 10 10 10 10 10 10 10 10 10 10 10 10 10 10 10 10 10 10 10 10 10 10 10 10 10 10 10 10 10 10 10 10 10 10 10 10 6 5 5 5 5 5 5 5 5 10 10 10 10 10 10 10 10 10 10 10 10 10 10 10 10 10 10 10 10 10 10 10 10 10 10 10 10 10 10 10 10 10 10 10
10 10 10 10 10 10 10 10 10 10 10 10 10 10 10 10 10 10 10 10 10 10 10 10 4 4 4 10 10 10 10 10 10 10 10 10 10 10 10 10 10 10 10 10 10 10 7 7 7 10 10 10 10 10 10 10 10 6 6 6 6 6 10 10 10 10 10 10 10 10 10 10 10 10 10 10 10 10 10 10 10 10 10 10 10 10 10 10 10 10 10 10 10 10 10 10 10 10 10 10
10 10 10 10 10 10 10 10 10 10 10 10 10 10 10 10 10 10 10 10 10 10 10 4 3 3 3 4 10 10 10 10 10 10 10 10 10 10 10 10 10 10 10 10 10 7 5 5 5 7 10 10 10 10 10 10 10 10 10 10 10 10 10 10 10 10 10 10 10 10 10 10 10 10 10 10 10 10 10 10 10 10 10 10 10 10 10 10 10 10 10 10 10 10 10 10 10 10 10 10
10 10 10 10 10 10 10 10 10 10 10 10 10 10 10 10 10 10 10 10 10 10 4 3 2 2 2 3 4 10 10 10 10 10 10 10 10 10 10 10 10 10 10 10 7 5 3 3 3 5 7 10 10 10 10 10 10 10 10 10 10 10 10 10 10 10 10 10 10 10 7 7 7 10 10 10 10 10 10 10 10 10 10 10 10 10 10 10 10 10 10 10 10 10 10 10 10 10 10 10
10 10 10 10 10 10 10 10 10 10 10 10 10 10 10 10 10 10 10 10 10 10 4 3 2 1 2 3 4 10 10 10 10 10 10 10 10 10 10 10 10 10 10 10 7 5 3 1 3 5 7 10 10 10 10 10 10 10 10 10 10 10 10 10 10 10 10 10 10 7 4 4 4 7 10 10 10 10 10 10 10 10 10 10 10 10 10 10 10 10 10 10 10 10 10 10 10 10 10 10
10 10 10 10 10 10 10 10 10 10 10 10 10 10 10 10 10 10 10 10 10 10 4 3 2 2 2 3 4 10 10 10 10 10 10 10 10 10 10 10 10 10 10 7 7 5 3 3 3 5 7 10 10 10 10 10 10 10 10 10 10 10 10 10 10 10 10 10 10 7 4 1 4 7 10 10 10 10 10 10 10 10 10 10 10 10 10 10 10 10 10 10 10 10 10 10 10 10 10 10
10 10 10 10 10 10 10 10 10 10 10 10 10 10 10 10 10 10 10 10 10 10 10 4 3 3 3 4 10 10 10 10 10 10 10 10 10 10 10 10 10 10 7 5 5 7 5 5 5 7 10 10 10 10 10 10 10 10 10 10 10 10 10 10 10 10 10 10 10 7 4 4 4 7 10 10 10 10 10 10 10 10 9 9 9 10 10 10 10 10 10 10 10 10 10 10 10 10 10 10
10 10 10 10 10 10 10 10 10 10 10 10 10 10 10 10 10 10 10 10 10 10 10 10 4 4 4 10 10 10 10 10 10 10 10 10 10 10 10 10 10 7 5 3 3 3 7 7 7 10 10 10 10 10 10 10 10 10 10 10 10 10 10 10 10 10 10 10 10 10 7 7 7 10 10 10 10 10 10 10 10 9 7 7 7 9 10 10 10 10 10 10 10 10 10 10 10 10 10 10
10 10 10 10 10 10 10 10 10 10 10 10 10 10 10 10 10 10 10 10 10 10 10 10 10 10 10 10 10 10 10 10 10 10 10 10 10 10 10 10 10 7 5 3 1 3 5 7 10 10 10 10 10 10 10 10 10 10 10 10 10 10 10 10 10 10 10 10 10 10 10 10 10 10 10 10 10 10 10 10 9 7 4 4 4 7 9 10 10 10 10 10 10 10 10 10 10 10 10 10
10 10 10 10 10 10 10 10 10 10 10 10 10 10 10 10 10 10 10 10 10 10 10 10 10 10 10 10 10 10 10 10 10 10 10 10 10 10 10 10 10 7 5 6 6 6 6 6 10 10 4 4 4 10 10 10 10 10 10 10 10 10 10 10 10 10 5 5 5 5 5 9 9 9 9 10 10 10 10 10 9 7 4 1 4 7 9 10 10 10 10 10 10 10 10 10 10 10 10 10
10 10 10 10 10 10 10 10 10 10 10 10 10 10 10 10 10 10 10 10 10 10 10 10 10 10 10 10 10 10 10 10 10 10 10 10 10 10 10 10 10 10 6 5 5 5 5 5 6 4 3 3 3 4 10 10 10 10 10 10 10 10 10 10 10 5 5 4 4 4 5 5 9 9 9 9 10 10 10 10 9 7 4 4 4 7 9 10 10 10 10 10 10 10 10 10 10 10 10 10
10 10 10 10 10 10 10 10 10 10 10 10 10 10 10 10 10 10 10 10 10 10 10 10 10 10 10 10 10 10 10 10 10 10 10 10 10 10 10 10 10 6 5 5 4 4 4 5 5 6 2 2 2 3 4 10 10 10 10 10 10 10 10 10 5 5 4 3 3 3 4 5 5 7 9 9 9 10 10 10 10 9 7 7 7 9 10 10 10 10 10 10 10 10 10 10 10 10 10 10
10 10 10 10 10 10 10 10 10 10 10 10 10 10 10 10 10 10 10 10 10 10 10 10 10 10 10 10 10 10 10 10 10 10 10 9 9 9 9 9 6 5 5 4 3 3 3 4 5 5 6 1 2 3 4 10 10 10 10 10 10 10 10 10 5 4 3 2 2 2 3 4 5 5 7 9 9 9 10 10 10 10 9 9 9 10 10 10 10 10 10 10 10 10 10 10 10 10 10 10
10 10 10 10 10 10 10 10 10 10 10 10 10 10 10 10 10 10 10 10 10 10 10 10 10 10 10 10 10 10 10 10 10 10 9 9 7 7 7 9 6 5 4 3 2 2 2 3 4 5 6 2 2 3 4 10 10 10 10 10 10 10 10 10 5 4 3 2 1 2 3 4 5 3 5 7 9 9 10 10 10 10 10 10 10 10 10 10 10 10 10 10 10 10 10 10 10 10 10 10
10 10 10 10 10 10 10 10 10 10 10 10 10 10 10 7 7 7 10 10 10 10 10 10 10 10 10 10 10 10 10 10 10 9 9 7 5 5 5 7 6 5 4 3 2 1 2 3 4 5 6 3 3 4 10 10 10 10 10 10 10 10 10 9 5 4 3 2 2 2 3 4 5 3 5 7 9 9 10 10 10 10 10 10 10 10 10 10 10 10 10 10 10 10 10 10 10 10 10 10
10 10 10 10 10 10 10 10 10 10 10 10 10 10 7 5 5 5 7 10 10 10 10 10 10 10 10 10 10 10 10 10 10 9 7 5 3 3 3 5 6 5 4 3 2 2 2 3 4 5 6 4 4 10 10 10 10 10 10 10 10 10 9 9 5 5 4 3 3 3 4 5 5 3 5 7 9 9 10 10 10 10 10 10 10 10 10 10 10 10 10 10 10 10 10 10 10 10 10 10
10 10 10 10 10 10 10 10 10 10 10 10 10 7 5 3 3 3 5 7 10 10 10 10 10 10 10 10 10 6 6 6 6 6 7 5 3 1 3 5 6 5 5 4 3 3 3 4 5 5 6 10 10 10 10 10 10 10 10 10 10 9 9 9 9 5 5 4 4 4 5 5 5 5 7 9 9 9 10 10 10 10 10 10 10 10 10 10 10 10 10 10 10 10 10 10 10 10 10 10
10 10 10 10 10 10 10 10 10 10 10 10 10 7 5 3 1 3 5 7 10 10 10 10 10 10 10 10 6 5 5 5 5 5 6 5 3 3 3 5 7 6 5 5 4 4 4 5 5 6 10 10 10 10 10 10 10 10 10 10 10 9 9 9 7 4 5 5 5 5 5 7 7 7 9 9 9 10 10 10 10 10 10 10 10 10 10 10 10 10 10 10 10 10 10 10 10 10 10 10
10 10 10 10 10 10 10 10 10 10 10 10 10 7 5 3 3 3 5 7 10 10 10 10 10 10 10 6 5 5 4 4 4 5 5 6 5 5 5 7 9 9 6 5 5 5 5 5 6 10 10 10 10 10 10 10 10 10 10 10 10 9 9 9 7 4 1 4 7 9 9 9 9 9 9 9 10 10 10 10 10 10 10 10 10 7 7 7 9 9 10 10 10 10 10 10 10 10 10 10
10 10 10 10 10 10 10 10 10 10 10 10 10 10 7 5 5 5 7 10 10 10 10 10 10 10 6 5 5 4 3 3 3 4 5 5 6 7 7 9 9 10 10 6 6 6 6 6 10 10 10 10 10 10 10 10 10 10 10 10 10 9 9 9 7 4 4 4 7 9 9 9 9 9 9 10 10 10 10 10 10 10 10 10 7 4 4 4 7 9 9 10 10 10 10 10 10 10 10 10
10 10 10 10 10 10 10 10 10 10 10 10 10 10 10 7 7 7 10 10 10 10 10 10 10 10 6 5 4 3 2 2 2 3 4 5 6 9 9 9 10 10 10 10 10 10 10 10 10 10 10 10 10 10 10 10 10 10 10 10 10 9 9 9 9 7 7 7 9 9 9 9 10 10 10 10 10 10 10 10 10 10 10 9 7 4 1 4 7 7 9 9 10 10 10 10 10 10 10 10
10 10 10 10 10 10 10 10 10 10 10 10 10 10 10 10 10 10 10 10 10 10 10 10 10 10 6 5 4 3 2 1 2 3 4 5 6 10 10 10 10 10 10 10 10 10 10 10 10 10 7 7 7 10 10 10 10 10 10 10 10 7 9 9 9 9 9 9 9 9 9 10 10 10 10 10 10 10 10 10 10 10 10 9 7 4 4 4 7 5 7 9 10 10 10 10 10 10 10 10
10 10 10 10 10 10 10 10 10 10 10 10 10 10 10 10 10 10 10 10 10 10 10 10 10 10 6 5 4 3 2 2 2 3 4 5 6 10 10 10 10 10 10 10 10 10 10 10 10 7 5 5 5 7 10 10 10 10 10 10 10 10 7 9 9 9 9 9 9 9 10 10 10 10 10 10 10 10 10 10 10 10 10 9 7 7 7 7 3 5 7 9 10 10 10 10 10 10 10 10
10 10 10 10 10 10 10 10 10 10 10 10 10 10 10 10 10 10 10 10 10 10 10 10 10 10 6 5 5 4 3 3 3 4 5 5 6 10 10 10 10 10 10 10 10 10 10 10 7 5 3 3 3 5 7 10 10 10 10 10 10 10 10 10 9 9 9 9 9 10 10 10 10 10 10 10 10 10 10 10 10 10 10 9 7 5 3 3 3 5 7 9 10 10 10 10 10 10 10 10
10 10 10 10 10 10 10 10 10 10 10 10 10 10 10 10 10 10 10 10 10 10 10 10 10 10 10 6 5 5 4 4 4 5 5 6 10 10 10 10 10 9 9 9 9 9 10 10 7 5 3 1 3 5 7 10 10 10 10 10 10 10 10 10 10 10 10 10 10 10 10 10 10 10 10 10 10 10 10 10 10 10 10 9 9 7 5 5 5 7 9 9 10 10 10 10 10 10 10 10
10 10 10 10 10 10 10 10 10 10 10 10 10 10 10 10 10 10 10 10 10 10 10 10 10 10 10 10 6 5 5 5 5 5 6 10 10 10 10 10 9 9 9 9 9 9 9 10 7 5 3 5 5 5 5 5 10 10 10 10 10 10 10 10 10 10 10 10 10 10 10 10 10 10 10 10 3 3 3 10 10 10 10 10 9 9 7 7 7 9 9 10 10 10 10 10 10 10 10 10
10 10 10 10 10 10 10 10 10 10 10 10 10 10 10 10 10 10 10 10 10 10 10 10 10 10 10 10 10 6 6 6 6 6 10 10 10 10 10 9 9 9 7 7 7 9 9 9 9 7 5 5 4 4 4 5 5 10 10 10 10 10 10 10 10 10 10 10 10 10 10 10 10 10 10 3 2 2 2 3 10 10 10 10 10 9 9 9 9 9 10 10 10 10 10 10 10 10 10 10
10 10 10 10 10 10 10 10 10 10 10 10 10 10 10 10 10 10 10 9 9 9 9 9 10 10 10 10 10 10 10 10 10 10 10 10 10 10 9 9 9 7 5 5 5 7 9 9 9 5 5 4 3 3 3 4 5 5 10 10 10 10 10 10 10 10 10 10 10 3 3 3 10 10 10 3 2 1 2 3 10 10 10 10 10 10 10 10 10 10 10 10 10 10 10 10 10 10 10 10
10 10 10 10 10 10 10 10 10 10 10 10 10 10 10 10 10 10 9 9 9 9 9 9 9 10 10 10 10 10 10 10 10 10 10 10 10 10 9 9 7 5 3 3 3 5 7 9 9 5 4 3 2 2 2 3 4 5 10 10 9 9 9 9 9 10 10 10 3 2 2 2 3 10 10 3 2 2 2 3 10 10 10 10 10 10 10 10 10 10 10 10 10 10 10 10 10 10 10 10
10 10 10 10 10 10 10 10 10 10 10 10 10 10 10 10 10 9 9 9 9 9 9 9 9 9 10 10 10 10 10 10 10 10 10 10 10 10 9 9 7 5 3 1 3 5 7 9 9 5 4 3 2 1 2 3 4 5 10 9 9 9 9 9 9 9 10 10 3 2 1 2 3 10 10 10 3 3 3 10 10 10 10 10 10 10 10 10 10 10 10 10 10 10 10 10 10 10 10 10
10 10 10 10 10 10 10 10 10 10 10 10 10 10 10 10 9 9 9 9 7 7 7 9 9 9 9 10 10 10 10 10 10 10 10 10 10 10 9 9 7 5 3 3 3 5 7 9 9 5 4 3 2 2 2 3 4 5 9 9 9 7 7 7 9 9 9 10 3 2 2 2 3 10 10 10 10 10 10 10 10 10 10 10 10 10 10 10 10 10 10 10 10 10 10 10 10 10 10 10
10 10 10 10 10 10 10 10 10 10 10 10 10 10 10 10 9 9 9 7 4 4 4 7 9 9 9 10 10 10 10 10 10 10 10 10 10 10 9 9 9 7 5 5 5 7 9 9 9 5 5 4 3 3 3 4 5 5 9 9 7 5 5 5 7 9 9 9 10 3 3 3 10 10 10 10 10 10 10 10 10 10 10 10 10 10 10 10 10 10 10 10 10 10 10 10 10 10 10 10
10 10 10 10 10 10 10 10 10 10 10 10 10 10 10 10 9 9 9 7 4 1 4 7 9 9 9 10 10 10 10 10 10 10 10 10 10 10 10 9 9 9 7 7 7 9 9 9 9 9 5 5 4 4 4 5 5 9 9 7 5 3 3 3 5 7 9 9 10 10 10 10 10 10 10 10 10 10 10 10 10 10 10 10 10 10 10 10 10 10 10 10 10 10 10 10 10 10 10 10
10 10 10 10 10 10 10 10 10 10 10 10 10 10 10 10 9 9 9 7 4 4 4 7 9 9 9 10 10 10 10 10 10 10 10 10 10 10 10 10 9 9 9 9 9 9 9 10 10 7 4 5 5 5 5 5 9 9 9 9 9 3 1 3 5 7 9 9 10 10 10 10 10 10 10 10 10 10 10 10 10 10 10 10 10 10 10 10 10 10 10 10 10 10 10 10 10 10 10 10
10 10 10 10 10 10 10 10 10 10 10 10 10 10 10 10 9 9 9 9 7 7 7 9 9 9 9 10 10 10 10 10 10 10 10 10 10 10 10 10 10 9 9 9 9 9 10 10 10 7 4 1 4 7 10 9 9 7 7 7 9 9 3 3 5 7 9 9 10 10 10 10 10 10 10 10 10 10 10 10 10 10 10 10 10 10 10 10 10 10 10 10 10 10 10 10 10 10 10 10
10 10 10 10 10 10 10 10 10 10 10 10 10 10 10 10 10 9 9 9 9 9 9 9 9 9 10 10 10 10 10 10 10 10 10 10 10 10 10 10 10 10 10 10 10 10 10 10 10 7 4 4 4 7 9 9 7 5 5 5 7 9 9 5 7 9 9 9 10 10 10 10 10 10 10 10 10 7 7 7 10 10 10 10 10 10 10 10 10 10 10 10 10 10 10 10 10 10 10 10
10 10 10 10 10 10 10 10 10 10 10 10 10 10 10 10 10 10 9 9 9 9 9 9 9 10 10 10 10 10 10 10 10 10 10 10 10 10 10 10 10 10 10 10 10 10 10 10 10 10 7 7 7 10 9 7 5 3 3 3 5 7 9 7 9 9 9 10 10 10 10 10 10 10 10 10 7 4 4 4 7 10 10 10 10 10 10 10 10 10 10 10 10 10 10 10 10 10 10 10
10 10 10 10 10 10 10 10 10 10 10 10 10 10 10 10 10 10 10 9 9 9 9 9 10 10 10 10 10 10 10 10 10 10 10 10 10 10 10 10 10 10 10 10 10 10 10 10 10 10 10 10 10 10 9 7 5 3 1 3 5 7 9 9 9 9 10 10 10 10 10 10 10 10 10 10 7 4 1 4 7 10 10 10 10 10 10 10 10 10 10 10 10 10 10 10 10 10 10 10
10 10 10 10 10 10 10 10 10 10 10 10 10 10 10 10 10 10 10 10 10 10 10 10 10 10 10 10 10 10 10 10 10 10 10 10 10 10 10 10 10 10 10 10 10 10 10 10 10 10 10 10 10 10 9 7 5 3 3 3 5 7 9 9 9 10 10 10 10 10 10 10 10 10 10 10 7 4 4 4 7 10 10 10 10 10 10 10 10 10 10 10 10 10 10 10 10 10 10 10
10 10 10 10 10 10 10 10 10 10 10 10 10 10 10 10 10 10 10 10 10 10 10 10 10 10 10 10 10 10 10 10 10 10 10 10 10 10 10 10 10 10 10 10 10 10 10 10 10 10 10 10 10 10 9 9 7 5 5 5 7 9 9 10 10 10 10 10 10 10 10 10 10 10 10 10 10 7 7 7 10 10 10 10 10 10 10 10 10 10 10 10 10 10 10 10 10 10 10 10
10 10 10 10 10 10 10 10 10 10 10 10 10 10 10 10 10 10 10 10 10 10 10 10 10 10 10 10 10 10 10 10 10 10 10 10 10 10 10 10 10 10 10 10 10 9 9 9 9 9 10 10 10 10 10 9 9 7 7 7 9 9 10 10 10 10 10 10 10 10 10 10 10 10 10 10 10 10 10 10 10 10 10 10 10 10 10 10 10 10 10 10 10 10 10 10 10 10 10 10
10 10 10 10 10 10 10 10 10 10 10 10 10 10 10 10 10 10 10 10 10 10 10 10 10 10 10 10 10 10 10 10 10 10 10 10 10 10 10 10 10 10 10 10 9 9 9 9 9 9 9 10 10 10 10 10 9 9 9 9 9 10 10 10 10 10 10 10 10 10 10 10 10 10 10 10 10 10 10 10 10 10 10 10 10 10 10 10 10 10 10 10 10 10 10 10 10 10 10 10
10 10 10 10 10 10 10 10 10 10 10 10 10 10 10 10 10 10 10 10 10 10 10 10 10 10 10 10 10 9 9 9 9 9 10 10 10 10 10 10 10 10 10 9 9 9 9 9 9 9 9 9 10 10 10 10 10 10 10 10 10 10 10 10 10 10 10 10 10 10 10 10 10 10 10 10 10 10 10 10 10 10 10 10 10 10 10 10 10 10 10 10 10 10 10 10 10 10 10 10
10 10 10 10 10 10 10 10 10 10 10 10 10 10 10 10 10 10 10 10 10 10 10 10 10 10 10 10 9 9 9 9 9 9 9 10 10 10 10 10 10 10 9 9 9 9 7 7 7 9 9 9 9 10 10 10 10 10 10 10 10 10 10 10 10 10 10 10 10 10 10 10 10 10 10 10 10 10 10 10 10 10 10 10 10 10 10 10 10 10 10 10 10 10 10 10 10 10 10 10
10 10 10 10 10 10 10 10 7 7 7 10 10 10 10 10 10 10 10 10 10 10 10 10 10 10 7 9 9 9 7 7 7 9 9 9 10 10 10 10 10 10 9 9 9 7 4 4 4 7 9 9 9 10 10 10 10 10 10 10 10 10 10 10 10 10 10 10 10 10 10 10 10 10 10 10 10 10 10 10 10 10 10 10 10 10 10 10 10 10 10 10 10 10 10 10 10 10 10 10
10 10 10 10 10 10 10 7 4 4 4 7 10 10 10 10 10 10 10 10 10 10 10 10 10 7 9 9 9 7 5 5 5 7 9 9 9 10 10 10 10 10 9 9 9 7 4 1 4 7 9 9 9 10 10 10 10 10 10 10 10 10 10 10 10 10 10 10 10 10 10 10 10 10 10 10 10 10 10 10 10 10 10 10 10 10 10 10 10 10 10 10 10 10 10 10 10 10 10 10
10 10 10 10 10 10 10 7 4 1 4 7 10 10 10 10 10 10 10 10 10 10 10 10 10 7 9 9 7 5 3 3 3 5 7 9 9 10 10 10 10 10 9 9 9 7 4 4 4 7 9 9 9 10 10 10 10 10 10 10 10 10 10 10 10 10 10 10 10 10 10 10 10 10 10 10 10 10 10 10 10 10 10 10 10 10 10 10 10 10 10 10 10 10 10 10 10 10 10 10
10 10 10 10 10 10 10 7 4 4 4 7 10 10 10 10 10 10 10 10 10 10 10 10 10 7 9 9 7 5 3 1 3 5 7 9 9 10 10 10 10 10 9 9 9 9 7 7 7 9 9 9 9 10 10 10 10 10 10 10 10 10 10 10 10 10 10 10 10 10 10 10 10 10 10 10 10 10 5 5 5 10 10 10 10 10 10 10 10 10 10 10 10 10 10 10 10 10 10 10
10 10 10 10 10 10 10 10 7 7 7 10 10 10 10 10 10 10 10 10 10 10 10 10 10 10 9 9 7 5 3 3 3 5 7 9 9 10 10 10 10 10 10 9 9 9 9 9 9 9 9 9 10 10 10 10 10 10 10 10 10 10 10 10 10 10 10 10 10 10 10 10 10 10 10 10 10 5 3 3 3 5 10 10 10 10 10 10 10 10 10 10 10 10 10 10 10 10 10 10
10 10 10 10 10 10 10 10 10 10 10 10 10 10 10 10 10 10 10 10 10 10 10 10 10 10 9 9 9 7 5 5 5 7 9 9 9 10 10 10 10 10 10 10 9 9 9 9 9 9 9 10 10 10 10 10 10 10 10 10 10 10 10 10 10 10 10 10 10 10 10 10 10 10 10 10 10 5 3 1 3 5 10 10 10 10 10 10 10 10 10 10 10 10 10 10 10 10 10 10
10 10 10 10 10 10 10 10 10 10 10 10 10 10 10 10 10 10 10 10 10 10 10 10 10 10 10 9 9 9 7 7 7 9 9 9 10 10 10 10 10 10 10 10 10 9 9 9 9 9 10 10 10 10 10 10 10 10 10 10 10 10 10 10 10 10 10 10 10 10 10 10 10 10 10 10 10 5 3 3 3 5 10 10 10 10 10 10 10 10 10 10 10 10 10 10 10 10 10 10
10 10 10 10 10 10 10 10 10 10 10 10 10 10 10 10 10 10 10 10 10 10 10 10 10 10 10 10 9 9 9 9 9 9 9 10 10 10 10 10 10 10 10 10 10 10 10 10 10 10 10 10 10 10 10 10 10 10 10 10 10 10 10 10 10 10 10 10 10 10 10 10 10 10 10 10 10 10 5 5 5 10 10 10 10 10 10 10 10 10 10 10 10 10 10 10 10 10 10 10
10 10 10 10 10 10 10 10 10 10 10 10 10 10 10 10 10 10 10 10 10 10 10 10 10 10 10 10 10 9 9 9 9 9 10 10 10 10 10 10 10 10 10 10 10 10 10 10 10 10 10 10 10 10 10 10 10 10 10 10 10 10 10 10 10 10 10 10 10 10 10 10 10 10 10 10 10 10 10 10 10 10 10 10 10 10 10 10 10 10 10 10 10 10 10 10 10 10 10 10
10 10 10 10 10 10 10 10 10 10 10 10 10 10 10 10 10 10 10 10 10 10 10 10 10 10 10 10 10 10 10 10 10 10 10 10 10 10 10 10 10 10 10 10 10 10 10 10 10 10 10 10 10 10 10 10 10 10 10 10 10 10 10 10 10 10 10 10 10 10 10 10 10 10 10 10 10 10 10 10 10 10 10 10 10 10 10 10 10 10 10 10 10 10 10 10 10 10 10 10
10 10 10 10 10 10 10 10 10 10 10 10 10 10 10 10 10 10 10 10 10 10 10 10 10 10 10 10 10 10 10 10 10 10 10 10 10 10 10 10 10 10 10 10 10 10 10 10 10 10 10 10 10 10 10 10 10 10 10 10 10 10 10 10 10 10 10 10 10 10 10 10 10 10 10 10 10 10 10 10 10 10 10 10 10 10 10 10 10 10 10 10 10 10 10 10 10 10 10 10
10 10 10 10 10 10 10 10 10 10 10 10 10 10 10 10 10 10 10 10 10 10 10 10 10 10 10 10 10 10 10 10 10 10 10 10 10 10 10 10 10 10 10 10 10 10 10 10 10 10 10 10 10 10 10 10 10 10 10 10 10 10 10 10 10 10 10 10 10 10 10 10 10 10 10 10 10 10 10 10 10 10 10 10 10 10 10 10 10 10 10 10 10 10 10 10 10 10 10 10
